  199
  0.  7.27545977  0.5  2.15852962E+17
  3062562.75  7.27538633  0.5  2.15834442E+17
  6125125.5  7.27517462  0.5  2.15781236E+17
  9187688.  7.27482557  0.5  2.15693361E+17
  12250251.  7.27433872  0.5  2.15570834E+17
  15312814.  7.27371407  0.5  2.15413775E+17
  18375376.  7.2729516  0.5  2.15222254E+17
  21437940.  7.27205181  0.5  2.14996373E+17
  24500502.  7.27101517  0.5  2.14736305E+17
  27563066.  7.26984119  0.5  2.14442168E+17
  30625628.  7.26853037  0.5  2.14114153E+17
  33688192.  7.26708317  0.5  2.13752448E+17
  36750752.  7.26549959  0.5  2.13357259E+17
  39813316.  7.26378012  0.5  2.12928845E+17
  42875880.  7.26192474  0.5  2.12467445E+17
  45938444.  7.25993395  0.5  2.11973318E+17
  49001004.  7.25780869  0.5  2.11446755E+17
  52063568.  7.25554848  0.5  2.10888083E+17
  55126132.  7.25315475  0.5  2.10297593E+17
  58188692.  7.25062704  0.5  2.09675648E+17
  61251256.  7.24796581  0.5  2.09022589E+17
  64313820.  7.24517202  0.5  2.08338796E+17
  67376384.  7.24224615  0.5  2.07624646E+17
  70438944.  7.23918867  0.5  2.06880534E+17
  73501504.  7.23600006  0.5  2.06106908E+17
  76564072.  7.2326808  0.5  2.05304178E+17
  79626632.  7.22923136  0.5  2.04472776E+17
  82689192.  7.22565269  0.5  2.03613164E+17
  85751760.  7.22194576  0.5  2.02725841E+17
  88814320.  7.21811008  0.5  2.01811236E+17
  91876888.  7.21414709  0.5  2.008699E+17
  94939448.  7.21005726  0.5  1.99902295E+17
  98002008.  7.20584154  0.5  1.98908955E+17
  101064576.  7.20150042  0.5  1.97890412E+17
  104127136.  7.19703436  0.5  1.96847182E+17
  107189696.  7.1924448  0.5  1.95779796E+17
  110252264.  7.18773127  0.5  1.94688806E+17
  113314824.  7.18289614  0.5  1.93574777E+17
  116377384.  7.17793894  0.5  1.9243826E+17
  119439952.  7.17286062  0.5  1.91279856E+17
  122502512.  7.16766214  0.5  1.90100114E+17
  125565072.  7.16234493  0.5  1.88899602E+17
  128627640.  7.15690851  0.5  1.87678921E+17
  131690200.  7.15135479  0.5  1.86438638E+17
  134752768.  7.14568377  0.5  1.85179336E+17
  137815328.  7.13989639  0.5  1.83901583E+17
  140877888.  7.13399363  0.5  1.82605981E+17
  143940448.  7.12797642  0.5  1.81293112E+17
  147003008.  7.12184477  0.5  1.79963579E+17
  150065584.  7.11560059  0.5  1.78617966E+17
  153128144.  7.10924387  0.5  1.77256874E+17
  156190704.  7.10277557  0.5  1.75880904E+17
  159253264.  7.09619713  0.5  1.74490657E+17
  162315824.  7.08950901  0.5  1.73086701E+17
  165378384.  7.08271122  0.5  1.71669619E+17
  168440960.  7.07580566  0.5  1.70240031E+17
  171503520.  7.06879282  0.5  1.6879852E+17
  174566080.  7.06167364  0.5  1.6734567E+17
  177628640.  7.0544486  0.5  1.65882014E+17
  180691200.  7.04711819  0.5  1.64408135E+17
  183753776.  7.03968334  0.5  1.62924585E+17
  186816336.  7.03214502  0.5  1.61431895E+17
  189878896.  7.02450371  0.5  1.59930649E+17
  192941456.  7.01676035  0.5  1.58421363E+17
  196004016.  7.00891542  0.5  1.56904621E+17
  199066576.  7.00096941  0.5  1.55380973E+17
  202129152.  6.99292374  0.5  1.53850917E+17
  205191712.  6.98477888  0.5  1.52314968E+17
  208254272.  6.97653484  0.5  1.50773676E+17
  211316832.  6.96819353  0.5  1.49227556E+17
  214379392.  6.95975447  0.5  1.47677125E+17
  217441952.  6.95121861  0.5  1.46122845E+17
  220504528.  6.94258642  0.5  1.4456518E+17
  223567088.  6.93385887  0.5  1.43004604E+17
  226629648.  6.92503548  0.5  1.4144158E+17
  229692208.  6.91611767  0.5  1.39876562E+17
  232754768.  6.90710592  0.5  1.38310016E+17
  235817344.  6.89800024  0.5  1.36742421E+17
  238879904.  6.88880157  0.5  1.35174157E+17
  241942464.  6.87950993  0.5  1.33605695E+17
  245005024.  6.87012672  0.5  1.32037457E+17
  248067584.  6.86065102  0.5  1.30469854E+17
  251130144.  6.85108423  0.5  1.28903273E+17
  254192720.  6.8414259  0.5  1.27338084E+17
  257255280.  6.83167648  0.5  1.25774647E+17
  260317840.  6.82183599  0.5  1.24213323E+17
  263380400.  6.81190538  0.5  1.22654491E+17
  266442960.  6.80188417  0.5  1.21098527E+17
  269505536.  6.79177284  0.5  1.19545759E+17
  272568096.  6.78157187  0.5  1.17996521E+17
  275630656.  6.77128077  0.5  1.16451175E+17
  278693216.  6.7609005  0.5  1.1491002E+17
  281755776.  6.75043011  0.5  1.13373367E+17
  284818336.  6.73987007  0.5  1.1184149E+17
  287880896.  6.72921991  0.5  1.10314654E+17
  290943456.  6.71847963  0.5  1.08793137E+17
  294006016.  6.70764923  0.5  1.07277219E+17
  297068608.  6.69672871  0.5  1.05767203E+17
  300131168.  6.68571758  0.5  1.04263295E+17
  303193728.  6.67461586  0.5  1.02765777E+17
  306256288.  6.66342306  0.5  1.01274908E+17
  309318848.  6.65213966  0.5  9.97908851E+16
  312381408.  6.64076376  0.5  9.83139231E+16
  315443968.  6.62929535  0.5  9.68442111E+16
  318506528.  6.61773443  0.5  9.53819379E+16
  321569088.  6.60607958  0.5  9.3927327E+16
  324631648.  6.59433126  0.5  9.24805758E+16
  327694208.  6.58248758  0.5  9.10418391E+16
  330756768.  6.57054901  0.5  8.96113315E+16
  333819360.  6.55851412  0.5  8.81892249E+16
  336881920.  6.54638243  0.5  8.67756395E+16
  339944480.  6.53415251  0.5  8.53707128E+16
  343007040.  6.52182293  0.5  8.39745821E+16
  346069600.  6.50939274  0.5  8.25873764E+16
  349132160.  6.49686193  0.5  8.12092588E+16
  352194720.  6.48422766  0.5  7.98403239E+16
  355257280.  6.47148991  0.5  7.84807262E+16
  358319840.  6.45864677  0.5  7.71305689E+16
  361382400.  6.44569683  0.5  7.57899464E+16
  364444960.  6.43263817  0.5  7.44589274E+16
  367507552.  6.41946936  0.5  7.31375893E+16
  370570112.  6.40618801  0.5  7.18260309E+16
  373632672.  6.3927927  0.5  7.05243465E+16
  376695232.  6.37928152  0.5  6.92326008E+16
  379757792.  6.36565256  0.5  6.79508837E+16
  382820352.  6.35190296  0.5  6.66792513E+16
  385882912.  6.33803082  0.5  6.54177421E+16
  388945472.  6.32403326  0.5  6.41663862E+16
  392008032.  6.30990744  0.5  6.29252308E+16
  395070592.  6.29565048  0.5  6.16943448E+16
  398133152.  6.28126001  0.5  6.04737451E+16
  401195744.  6.26673317  0.5  5.92634963E+16
  404258304.  6.25206614  0.5  5.80636199E+16
  407320864.  6.2372551  0.5  5.68741201E+16
  410383424.  6.22229671  0.5  5.56949927E+16
  413445984.  6.2071867  0.5  5.45262634E+16
  416508544.  6.19192171  0.5  5.3367958E+16
  419571104.  6.17649651  0.5  5.22200764E+16
  422633664.  6.16090775  0.5  5.10826445E+16
  425696224.  6.14514971  0.5  4.99556537E+16
  428758784.  6.12921762  0.5  4.88390739E+16
  431821344.  6.1131053  0.5  4.77328878E+16
  434883904.  6.09680796  0.5  4.66371085E+16
  437946496.  6.08031893  0.5  4.55517102E+16
  441009056.  6.06363249  0.5  4.44767013E+16
  444071616.  6.04674149  0.5  4.34120605E+16
  447134176.  6.02963829  0.5  4.23577363E+16
  450196736.  6.01231575  0.5  4.13136899E+16
  453259296.  5.99476576  0.5  4.02799213E+16
  456321856.  5.97697926  0.5  3.92563833E+16
  459384416.  5.95894766  0.5  3.8243076E+16
  462446976.  5.94066095  0.5  3.72399434E+16
  465509536.  5.92210865  0.5  3.62469298E+16
  468572096.  5.90327978  0.5  3.526399E+16
  471634688.  5.88416195  0.5  3.42910983E+16
  474697248.  5.86474323  0.5  3.33282182E+16
  477759808.  5.8450098  0.5  3.23753067E+16
  480822368.  5.82494688  0.5  3.14322908E+16
  483884928.  5.80453873  0.5  3.04991168E+16
  486947488.  5.78376865  0.5  2.95757439E+16
  490010048.  5.76261854  0.5  2.86621314E+16
  493072608.  5.74106932  0.5  2.77582233E+16
  496135168.  5.71909952  0.5  2.68639381E+16
  499197728.  5.69668579  0.5  2.59792221E+16
  502260288.  5.67380333  0.5  2.51040237E+16
  505322880.  5.65042639  0.5  2.42383022E+16
  508385440.  5.62652445  0.5  2.33819738E+16
  511448000.  5.60206556  0.5  2.25349611E+16
  514510560.  5.57701445  0.5  2.16972191E+16
  517573120.  5.55133343  0.5  2.08686963E+16
  520635680.  5.52497864  0.5  2.00493068E+16
  523698240.  5.49790382  0.5  1.92389796E+16
  526760800.  5.47005653  0.5  1.84376568E+16
  529823360.  5.44137955  0.5  1.76452869E+16
  532885920.  5.41180754  0.5  1.68617732E+16
  535948480.  5.38126802  0.5  1.60870556E+16
  539011072.  5.34968042  0.5  1.53210825E+16
  542073600.  5.3169508  0.5  1.45637692E+16
  545136192.  5.28297424  0.5  1.38150393E+16
  548198720.  5.24763155  0.5  1.30748479E+16
  551261312.  5.210783  0.5  1.23431079E+16
  554323840.  5.17226744  0.5  1.16197516E+16
  557386432.  5.13189888  0.5  1.09047308E+16
  560449024.  5.0894537  0.5  1.01979521E+16
  563511552.  5.04466963  0.5  9.49937352E+15
  566574144.  4.9972291  0.5  8.80891994E+15
  569636672.  4.94674587  0.5  8.12653769E+15
  572699264.  4.89274263  0.5  7.45216447E+15
  575761792.  4.83462095  0.5  6.78575788E+15
  578824384.  4.7716136  0.5  6.12725833E+15
  581886912.  4.70271873  0.5  5.47664272E+15
  584949504.  4.62658882  0.5  4.83387939E+15
  588012032.  4.54135036  0.5  4.1989576E+15
  591074624.  4.44429207  0.5  3.57189801E+15
  594137216.  4.3312645  0.5  2.95275941E+15
  597199744.  4.19544315  0.5  2.34166825E+15
  600262336.  4.02435064  0.5  1.73888878E+15
  603324864.  3.79102588  0.5  1.14496607E+15
  606387456.  3.41552401  0.5  5.61286627E+14
